0, 0.02, 0.09, 0, 0.0148, 0, 0, 0.1, 0, 0, 0, 0, 0, 0, 0, 0, 0, 0, 0, 0, 0, 0, 0.002, 0.002, 0, 0, 0, 0, 0.1, 0, 0, 0.086, 0.002, 0.002, 0.005, 0.002, 0, 0, 0, 0, 0
0, 0.02, 0.09, 0, 0.0148, 0, 0, 0.1, 0, 0, 0, 0, 0, 0, 0, 0, 0, 0, 0, 0, 0, 0, 0.003, 0.003, 0, 0, 0, 0, 0.1, 0, 0, 0.087, 0.003, 0.003, 0.005, 0.003, 0, 0, 0, 0, 0
0, 0.02, 0.09, 0, 0.0148, 0, 0, 0.1, 0, 0, 0, 0, 0, 0, 0, 0, 0, 0, 0, 0, 0, 0, 0.004, 0.004, 0, 0, 0, 0, 0.1, 0, 0, 0.088, 0.004, 0.005, 0.005, 0.005, 0, 0, 0, 0, 0
0, 0.02, 0.09, 0, 0.0148, 0, 0, 0.1, 0, 0, 0, 0, 0, 0, 0, 0, 0, 0, 0, 0, 0, 0, 0.006, 0.006, 0, 0, 0, 0, 0.1, 0, 0, 0.09, 0.006, 0.007, 0.004, 0.007, 0, 0, 0, 0, 0
0, 0.02, 0.09, 0, 0.0148, 0, 0, 0.1, 0, 0, 0, 0, 0, 0, 0, 0, 0, 0, 0, 0, 0, 0, 0.007, 0.007, 0, 0, 0, 0, 0.1, 0, 0, 0.091, 0.007, 0.008, 0.004, 0.008, 0, 0, 0, 0, 0
0, 0.02, 0.09, 0, 0.0148, 0, 0, 0.1, 0, 0, 0, 0, 0, 0, 0, 0, 0, 0, 0, 0, 0, 0, 0.008, 0.008, 0, 0, 0, 0, 0.1, 0, 0, 0.092, 0.008, 0.009, 0.004, 0.009, 0, 0, 0, 0, 0
0, 0.02, 0.09, 0, 0.0148, 0, 0, 0.1, 0, 0, 0, 0, 0, 0, 0, 0, 0, 0, 0, 0, 0, 0, 0.01, 0.01, 0, 0, 0, 0, 0.1, 0, 0, 0.094, 0.01, 0.011, 0.004, 0.011, 0, 0, 0, 0, 0
0, 0.02, 0.09, 0, 0.0148, 0, 0, 0.1, 0, 0, 0, 0, 0, 0, 0, 0, 0, 0, 0, 0, 0, 0, 0.011, 0.011, 0, 0, 0, 0, 0.1, 0, 0, 0.095, 0.011, 0.012, 0.004, 0.012, 0, 0, 0, 0, 0
0, 0.02, 0.09, 0, 0.0148, 0, 0, 0.1, 0, 0, 0, 0, 0, 0, 0, 0, 0, 0, 0, 0, 0, 0, 0.012, 0.012, 0, 0, 0, 0, 0.1, 0, 0, 0.096, 0.012, 0.012, 0.004, 0.012, 0, 0, 0, 0, 0
0, 0.02, 0.09, 0, 0.0148, 0, 0, 0.1, 0, 0, 0, 0, 0, 0, 0, 0, 0, 0, 0, 0, 0, 0, 0.014, 0.014, 0, 0, 0, 0, 0.1, 0, 0, 0.098, 0.014, 0.014, 0.004, 0.014, 0, 0, 0, 0, 0
0, 0.02, 0.09, 0, 0.0148, 0, 0, 0.1, 0, 0, 0, 0, 0, 0, 0, 0, 0, 0, 0, 0, 0, 0, 0.015, 0.015, 0, 0, 0, 0, 0.1, 0, 0, 0.099, 0.015, 0.015, 0.004, 0.015, 0, 0, 0, 0, 0
0, 0.02, 0.09, 0, 0.0148, 0, 0, 0.1, 0, 0, 0, 0, 0, 0, 0, 0, 0, 0, 0, 0, 0, 0, 0.016, 0.016, 0, 0, 0, 0, 0.1, 0, 0, 0.1, 0.016, 0.016, 0.004, 0.016, 0, 0, 0, 0, 0
0, 0.02, 0.09, 0, 0.0148, 0, 0, 0.1, 0, 0, 0, 0, 0, 0, 0, 0, 0, 0, 0, 0, 0, 0, 0.018, 0.018, 0, 0, 0, 0, 0.1, 0, 0, 0.102, 0.018, 0.018, 0.004, 0.018, 0, 0, 0, 0, 0
0, 0.02, 0.09, 0, 0.0148, 0, 0, 0.1, 0, 0, 0, 0, 0, 0, 0, 0, 0, 0, 0, 0, 0, 0, 0.019, 0.019, 0, 0, 0, 0, 0.1, 0, 0, 0.103, 0.019, 0.018, 0.004, 0.018, 0, 0, 0, 0, 0
0, 0.02, 0.09, 0, 0.0148, 0, 0, 0.1, 0, 0, 0, 0, 0, 0, 0, 0, 0, 0, 0, 0, 0, 0, 0.02, 0.02, 0, 0, 0, 0, 0.1, 0, 0, 0.104, 0.02, 0.019, 0.004, 0.019, 0, 0, 0, 0, 0
0, 0.02, 0.09, 0, 0.0148, 0, 0, 0.1, 0, 0, 0, 0, 0, 0, 0, 0, 0, 0, 0, 0, 0, 0, 0.002, 0.002, 0, 0, 0, 0, 0.1, 0, 0, 0.255, 0.002, 0.001, 0.002, 0.001, 0, 0, 0, 0, 0
0, 0.02, 0.09, 0, 0.0148, 0, 0, 0.1, 0, 0, 0, 0, 0, 0, 0, 0, 0, 0, 0, 0, 0, 0, 0.003, 0.003, 0, 0, 0, 0, 0.1, 0, 0, 0.255, 0.003, 0.001, 0.002, 0.001, 0, 0, 0, 0, 0
0, 0.02, 0.09, 0, 0.0148, 0, 0, 0.1, 0, 0, 0, 0, 0, 0, 0, 0, 0, 0, 0, 0, 0, 0, 0.004, 0.004, 0, 0, 0, 0, 0.1, 0, 0, 0.255, 0.004, 0.002, 0.002, 0.002, 0, 0, 0, 0, 0
0, 0.02, 0.09, 0, 0.0148, 0, 0, 0.1, 0, 0, 0, 0, 0, 0, 0, 0, 0, 0, 0, 0, 0, 0, 0.006, 0.006, 0, 0, 0, 0, 0.1, 0, 0, 0.255, 0.006, 0.002, 0.002, 0.002, 0, 0, 0, 0, 0
0, 0.02, 0.09, 0, 0.0148, 0, 0, 0.1, 0, 0, 0, 0, 0, 0, 0, 0, 0, 0, 0, 0, 0, 0, 0.007, 0.007, 0, 0, 0, 0, 0.1, 0, 0, 0.255, 0.007, 0.003, 0.002, 0.003, 0, 0, 0, 0, 0
0, 0.02, 0.09, 0, 0.0148, 0, 0, 0.1, 0, 0, 0, 0, 0, 0, 0, 0, 0, 0, 0, 0, 0, 0, 0.008, 0.008, 0, 0, 0, 0, 0.1, 0, 0, 0.255, 0.008, 0.003, 0.002, 0.003, 0, 0, 0, 0, 0
0, 0.02, 0.09, 0, 0.0148, 0, 0, 0.1, 0, 0, 0, 0, 0, 0, 0, 0, 0, 0, 0, 0, 0, 0, 0.01, 0.01, 0, 0, 0, 0, 0.1, 0, 0, 0.255, 0.01, 0.004, 0.002, 0.004, 0, 0, 0, 0, 0
0, 0.02, 0.09, 0, 0.0148, 0, 0, 0.1, 0, 0, 0, 0, 0, 0, 0, 0, 0, 0, 0, 0, 0, 0, 0.011, 0.011, 0, 0, 0, 0, 0.1, 0, 0, 0.255, 0.011, 0.004, 0.002, 0.004, 0, 0, 0, 0, 0
0, 0.02, 0.09, 0, 0.0148, 0, 0, 0.1, 0, 0, 0, 0, 0, 0, 0, 0, 0, 0, 0, 0, 0, 0, 0.012, 0.012, 0, 0, 0, 0, 0.1, 0, 0, 0.255, 0.012, 0.005, 0.002, 0.005, 0, 0, 0, 0, 0
0, 0.02, 0.09, 0, 0.0148, 0, 0, 0.1, 0, 0, 0, 0, 0, 0, 0, 0, 0, 0, 0, 0, 0, 0, 0.014, 0.014, 0, 0, 0, 0, 0.1, 0, 0, 0.255, 0.014, 0.005, 0.002, 0.005, 0, 0, 0, 0, 0
0, 0.02, 0.09, 0, 0.0148, 0, 0, 0.1, 0, 0, 0, 0, 0, 0, 0, 0, 0, 0, 0, 0, 0, 0, 0.015, 0.015, 0, 0, 0, 0, 0.1, 0, 0, 0.255, 0.015, 0.006, 0.002, 0.006, 0, 0, 0, 0, 0
0, 0.02, 0.09, 0, 0.0148, 0, 0, 0.1, 0, 0, 0, 0, 0, 0, 0, 0, 0, 0, 0, 0, 0, 0, 0.016, 0.016, 0, 0, 0, 0, 0.1, 0, 0, 0.255, 0.016, 0.006, 0.002, 0.006, 0, 0, 0, 0, 0
0, 0.02, 0.09, 0, 0.0148, 0, 0, 0.1, 0, 0, 0, 0, 0, 0, 0, 0, 0, 0, 0, 0, 0, 0, 0.018, 0.018, 0, 0, 0, 0, 0.1, 0, 0, 0.255, 0.018, 0.007, 0.002, 0.007, 0, 0, 0, 0, 0
0, 0.02, 0.09, 0, 0.0148, 0, 0, 0.1, 0, 0, 0, 0, 0, 0, 0, 0, 0, 0, 0, 0, 0, 0, 0.019, 0.019, 0, 0, 0, 0, 0.1, 0, 0, 0.255, 0.019, 0.007, 0.002, 0.007, 0, 0, 0, 0, 0
0, 0.02, 0.09, 0, 0.0148, 0, 0, 0.1, 0, 0, 0, 0, 0, 0, 0, 0, 0, 0, 0, 0, 0, 0, 0.02, 0.02, 0, 0, 0, 0, 0.1, 0, 0, 0.255, 0.02, 0.008, 0.002, 0.008, 0, 0, 0, 0, 0
0, 0.02, 0.09, 0, 0.0148, 0, 0, 0.1, 0, 0, 0, 0, 0, 0, 0, 0, 0, 0, 0, 0, 0, 0, 0.002, 0.002, 0, 0, 0, 0, 0.1, 0, 0, 0.003, 0.002, 0.067, 0.067, 0.067, 0, 0, 0, 0, 0
0, 0.02, 0.09, 0, 0.0148, 0, 0, 0.1, 0, 0, 0, 0, 0, 0, 0, 0, 0, 0, 0, 0, 0, 0, 0.001, 0.003, 0, 0, 0, 0, 0.1, 0, 0.067, 0.001, 0.003, 0.1, 0, 0.1, 0.067, 0, 0, 0, 0
0, 0.02, 0.09, 0, 0.0148, 0, 0, 0.1, 0, 0, 0, 0, 0, 0, 0, 0, 0, 0, 0, 0, 0, 0, 0.002, 0.004, 0, 0, 0, 0, 0.1, 0, 0.05, 0.002, 0.004, 0.1, 0, 0.1, 0.05, 0, 0, 0, 0
0, 0.02, 0.09, 0, 0.0148, 0, 0, 0.1, 0, 0, 0, 0, 0, 0, 0, 0, 0, 0, 0, 0, 0, 0, 0.002, 0.002, 0, 0, 0, 0, 0.1, 0, 0, 0.004, 0.006, 0.05, 0.05, 0.05, 0.05, 0, 0, 0, 0
0, 0.02, 0.09, 0, 0.0148, 0, 0, 0.1, 0, 0, 0, 0, 0, 0, 0, 0, 0, 0, 0, 0, 0, 0, 0.001, 0.001, 0, 0, 0, 0, 0.1, 0, 0, 0.001, 0.007, 0.1, 0, 0.1, 0.057, 0, 0, 0, 0
0, 0.02, 0.09, 0, 0.0148, 0, 0, 0.1, 0, 0, 0, 0, 0, 0, 0, 0, 0, 0, 0, 0, 0, 0, 0.002, 0.002, 0, 0, 0, 0, 0.1, 0, 0, 0.002, 0.008, 0.1, 0, 0.1, 0.05, 0, 0, 0, 0
0, 0.02, 0.09, 0, 0.0148, 0, 0, 0.1, 0, 0, 0, 0, 0, 0, 0, 0, 0, 0, 0, 0, 0, 0, 0.002, 0.004, 0, 0, 0, 0, 0.1, 0, 0.05, 0.002, 0.01, 0.1, 0, 0.1, 0.05, 0, 0, 0, 0
0, 0.02, 0.09, 0, 0.0148, 0, 0, 0.1, 0, 0, 0, 0, 0, 0, 0, 0, 0, 0, 0, 0, 0, 0, 0.001, 0.003, 0, 0, 0, 0, 0.1, 0, 0.067, 0.001, 0.011, 0.1, 0, 0.1, 0.055, 0, 0, 0, 0
0, 0.02, 0.09, 0, 0.0148, 0, 0, 0.1, 0, 0, 0, 0, 0, 0, 0, 0, 0, 0, 0, 0, 0, 0, 0.002, 0.004, 0, 0, 0, 0, 0.1, 0, 0.05, 0.002, 0.012, 0.1, 0, 0.1, 0.05, 0, 0, 0, 0
0, 0.02, 0.09, 0, 0.0148, 0, 0, 0.1, 0, 0, 0, 0, 0, 0, 0, 0, 0, 0, 0, 0, 0, 0, 0.002, 0.002, 0, 0, 0, 0, 0.1, 0, 0, 0.002, 0.014, 0.1, 0, 0.1, 0.05, 0, 0, 0, 0
0, 0.02, 0.09, 0, 0.0148, 0, 0, 0.1, 0, 0, 0, 0, 0, 0, 0, 0, 0, 0, 0, 0, 0, 0, 0.001, 0.003, 0, 0, 0, 0, 0.1, 0, 0.067, 0.001, 0.015, 0.1, 0, 0.1, 0.053, 0, 0, 0, 0
0, 0.02, 0.09, 0, 0.0148, 0, 0, 0.1, 0, 0, 0, 0, 0, 0, 0, 0, 0, 0, 0, 0, 0, 0, 0.002, 0.004, 0, 0, 0, 0, 0.1, 0, 0.05, 0.002, 0.016, 0.1, 0, 0.1, 0.05, 0, 0, 0, 0
0, 0.02, 0.09, 0, 0.0148, 0, 0, 0.1, 0, 0, 0, 0, 0, 0, 0, 0, 0, 0, 0, 0, 0, 0, 0.002, 0.002, 0, 0, 0, 0, 0.1, 0, 0, 0.002, 0.018, 0.1, 0, 0.1, 0.05, 0, 0, 0, 0
0, 0.02, 0.09, 0, 0.0148, 0, 0, 0.1, 0, 0, 0, 0, 0, 0, 0, 0, 0, 0, 0, 0, 0, 0, 0.001, 0.001, 0, 0, 0, 0, 0.1, 0, 0, 0.001, 0.019, 0.1, 0, 0.1, 0.053, 0, 0, 0, 0
0, 0.02, 0.09, 0, 0.0148, 0, 0, 0.1, 0, 0, 0, 0, 0, 0, 0, 0, 0, 0, 0, 0, 0, 0, 0.002, 0.002, 0, 0, 0, 0, 0.1, 0, 0, 0.002, 0.02, 0.1, 0, 0.1, 0.05, 0, 0, 0, 0
0, 0.02, 0.68, 0, 0.00564, 0, 0, 0, 0, 0, 0, 0, 0, 0, 0, 0, 0, 0, 0, 0, 0, 0, 0.002, 0.002, 0, 0, 0, 0, 0.1, 0, 0, 0.002, 0.002, 0.1, 0, 0.1, 0, 0, 0, 0, 0
0, 0.02, 0.09, 0, 0.0148, 0, 0, 0.1, 0, 0, 0, 0, 0, 0, 0, 0, 0, 0, 0, 0, 0, 0, 0.001, 0.001, 0, 0, 0, 0, 0.1, 0, 0, 0.001, 0.001, 0.1, 0, 0.1, 0, 0, 0, 0, 0
0, 0.02, 0.09, 0, 0.0148, 0, 0, 0.1, 0, 0, 0, 0, 0, 0, 0, 0, 0, 0, 0, 0, 0, 0, 0.002, 0.002, 0, 0, 0, 0, 0.1, 0, 0, 0.002, 0.002, 0.1, 0, 0.1, 0, 0, 0, 0, 0
0, 0.02, 0.09, 0, 0.0148, 0, 0, 0.1, 0, 0, 0, 0, 0, 0, 0, 0, 0, 0, 0, 0, 0, 0, 0.002, 0.004, 0, 0, 0, 0, 0.1, 0, 0.05, 0.002, 0.006, 0.1, 0, 0.1, 0.05, 0, 0, 0, 0
0, 0.02, 0.09, 0, 0.0148, 0, 0, 0.1, 0, 0, 0, 0, 0, 0, 0, 0, 0, 0, 0, 0, 0, 0, 0.001, 0.003, 0, 0, 0, 0, 0.1, 0, 0.067, 0.001, 0.007, 0.1, 0, 0.1, 0.057, 0, 0, 0, 0
0, 0.02, 0.09, 0, 0.0148, 0, 0, 0.1, 0, 0, 0, 0, 0, 0, 0, 0, 0, 0, 0, 0, 0, 0, 0.002, 0.004, 0, 0, 0, 0, 0.1, 0, 0.05, 0.002, 0.008, 0.1, 0, 0.1, 0.05, 0, 0, 0, 0
0, 0.02, 0.09, 0, 0.0148, 0, 0, 0.1, 0, 0, 0, 0, 0, 0, 0, 0, 0, 0, 0, 0, 0, 0, 0.002, 0.004, 0, 0, 0, 0, 0.1, 0, 0.05, 0.002, 0.014, 0.1, 0, 0.1, 0.05, 0, 0, 0, 0
0, 0.02, 0.09, 0, 0.0148, 0, 0, 0.1, 0, 0, 0, 0, 0, 0, 0, 0, 0, 0, 0, 0, 0, 0, 0.001, 0.003, 0, 0, 0, 0, 0.1, 0, 0.067, 0.001, 0.017, 0.1, 0, 0.1, 0.053, 0, 0, 0, 0
0, 0.02, 0.09, 0, 0.0148, 0, 0, 0.1, 0, 0, 0, 0, 0, 0, 0, 0, 0, 0, 0, 0, 0, 0, 0.002, 0.004, 0, 0, 0, 0, 0.1, 0, 0.05, 0.002, 0.018, 0.1, 0, 0.1, 0.05, 0, 0, 0, 0
0, 0.02, 0.09, 0, 0.0148, 0, 0, 0.1, 0, 0, 0, 0, 0, 0, 0, 0, 0, 0, 0, 0, 0, 0, 0.002, 0.004, 0, 0, 0, 0, 0.1, 0, 0.05, 0.002, 0.02, 0.1, 0, 0.1, 0.05, 0, 0, 0, 0
0, 0.02, 0.09, 0, 0.0148, 0, 0, 0.1, 0, 0, 0, 0, 0, 0, 0, 0, 0, 0, 0, 0, 0, 0, 0.001, 0.003, 0, 0, 0, 0, 0.1, 0, 0.067, 0.001, 0.021, 0.1, 0, 0.1, 0.052, 0, 0, 0, 0
0, 0.02, 0.09, 0, 0.0148, 0, 0, 0.1, 0, 0, 0, 0, 0, 0, 0, 0, 0, 0, 0, 0, 0, 0, 0.002, 0.004, 0, 0, 0, 0, 0.1, 0, 0.05, 0.002, 0.022, 0.1, 0, 0.1, 0.05, 0, 0, 0, 0
0, 0.02, 0.09, 0, 0.0148, 0, 0, 0.1, 0, 0, 0, 0, 0, 0, 0, 0, 0, 0, 0, 0, 0, 0, 0.002, 0.004, 0, 0, 0, 0, 0.1, 0, 0.05, 0.002, 0.024, 0.1, 0, 0.1, 0.05, 0, 0, 0, 0
0, 0.02, 0.09, 0, 0.0148, 0, 0, 0.1, 0, 0, 0, 0, 0, 0, 0, 0, 0, 0, 0, 0, 0, 0, 0.001, 0.003, 0, 0, 0, 0, 0.1, 0, 0.067, 0.001, 0.025, 0.1, 0, 0.1, 0.052, 0, 0, 0, 0
0, 0.02, 0.09, 0, 0.0148, 0, 0, 0.1, 0, 0, 0, 0, 0, 0, 0, 0, 0, 0, 0, 0, 0, 0, 0.002, 0.004, 0, 0, 0, 0, 0.1, 0, 0.05, 0.002, 0.026, 0.1, 0, 0.1, 0.05, 0, 0, 0, 0
0, 0.02, 0.09, 0, 0.0148, 0, 0, 0.1, 0, 0, 0, 0, 0, 0, 0, 0, 0, 0, 0, 0, 0, 0, 0.002, 0.004, 0, 0, 0, 0, 0.1, 0, 0.05, 0.002, 0.028, 0.1, 0, 0.1, 0.05, 0, 0, 0, 0
0, 0.02, 0.09, 0, 0.0148, 0, 0, 0.1, 0, 0, 0, 0, 0, 0, 0, 0, 0, 0, 0, 0, 0, 0, 0.001, 0.003, 0, 0, 0, 0, 0.1, 0, 0.067, 0.001, 0.029, 0.1, 0, 0.1, 0.052, 0, 0, 0, 0
0, 0.02, 0.09, 0, 0.0148, 0, 0, 0.1, 0, 0, 0, 0, 0, 0, 0, 0, 0, 0, 0, 0, 0, 0, 0.002, 0.004, 0, 0, 0, 0, 0.1, 0, 0.05, 0.002, 0.03, 0.1, 0, 0.1, 0.05, 0, 0, 0, 0
0, 0.02, 0.09, 0, 0.0148, 0, 0, 0.1, 0, 0, 0, 0, 0, 0, 0, 0, 0, 0, 0, 0, 0, 0, 0.002, 0.004, 0, 0, 0, 0, 0.1, 0, 0.05, 0.002, 0.032, 0.1, 0, 0.1, 0.05, 0, 0, 0, 0
0, 0.02, 0.09, 0, 0.0148, 0, 0, 0.1, 0, 0, 0, 0, 0, 0, 0, 0, 0, 0, 0, 0, 0, 0, 0.001, 0.003, 0, 0, 0, 0, 0.1, 0, 0.067, 0.001, 0.033, 0.1, 0, 0.1, 0.052, 0, 0, 0, 0
0, 0.02, 0.09, 0, 0.0148, 0, 0, 0.1, 0, 0, 0, 0, 0, 0, 0, 0, 0, 0, 0, 0, 0, 0, 0.002, 0.004, 0, 0, 0, 0, 0.1, 0, 0.05, 0.002, 0.034, 0.1, 0, 0.1, 0.05, 0, 0, 0, 0
0, 0.02, 0.09, 0, 0.0148, 0, 0, 0.1, 0, 0, 0, 0, 0, 0, 0, 0, 0, 0, 0, 0, 0, 0, 0.002, 0.004, 0, 0, 0, 0, 0.1, 0, 0.05, 0.002, 0.036, 0.1, 0, 0.1, 0.05, 0, 0, 0, 0
0, 0.02, 0.09, 0, 0.0148, 0, 0, 0.1, 0, 0, 0, 0, 0, 0, 0, 0, 0, 0, 0, 0, 0, 0, 0.001, 0.003, 0, 0, 0, 0, 0.1, 0, 0.067, 0.001, 0.037, 0.1, 0, 0.1, 0.051, 0, 0, 0, 0
0, 0.02, 0.09, 0, 0.0148, 0, 0, 0.1, 0, 0, 0, 0, 0, 0, 0, 0, 0, 0, 0, 0, 0, 0, 0.002, 0.004, 0, 0, 0, 0, 0.1, 0, 0.05, 0.002, 0.038, 0.1, 0, 0.1, 0.05, 0, 0, 0, 0
0, 0.02, 0.09, 0, 0.0148, 0, 0, 0.1, 0, 0, 0, 0, 0, 0, 0, 0, 0, 0, 0, 0, 0, 0, 0.002, 0.004, 0, 0, 0, 0, 0.1, 0, 0.05, 0.002, 0.04, 0.1, 0, 0.1, 0.05, 0, 0, 0, 0
0, 0.02, 0.09, 0, 0.0148, 0, 0, 0.1, 0, 0, 0, 0, 0, 0, 0, 0, 0, 0, 0, 0, 0, 0, 0.001, 0.003, 0, 0, 0, 0, 0.1, 0, 0.067, 0.002, 0.003, 0.05, 0.1, 0.05, 0.067, 0, 0, 0, 0
0, 0.02, 0.09, 0, 0.0148, 0, 0, 0.1, 0, 0, 0, 0, 0, 0, 0, 0, 0, 0, 0, 0, 0, 0, 0.002, 0.004, 0, 0, 0, 0, 0.1, 0, 0.05, 0.003, 0.004, 0.067, 0.067, 0.067, 0.05, 0, 0, 0, 0
0, 0.02, 0.09, 0, 0.0148, 0, 0, 0.1, 0, 0, 0, 0, 0, 0, 0, 0, 0, 0, 0, 0, 0, 0, 0.002, 0.004, 0, 0, 0, 0, 0.1, 0, 0.05, 0.003, 0.01, 0.067, 0.067, 0.067, 0.05, 0, 0, 0, 0
0, 0.02, 0.09, 0, 0.0148, 0, 0, 0.1, 0, 0, 0, 0, 0, 0, 0, 0, 0, 0, 0, 0, 0, 0, 0.001, 0.003, 0, 0, 0, 0, 0.1, 0, 0.067, 0.003, 0.013, 0.033, 0.067, 0.033, 0.054, 0, 0, 0, 0
0, 0.02, 0.09, 0, 0.0148, 0, 0, 0.1, 0, 0, 0, 0, 0, 0, 0, 0, 0, 0, 0, 0, 0, 0, 0.002, 0.004, 0, 0, 0, 0, 0.1, 0, 0.05, 0.004, 0.014, 0.05, 0.05, 0.05, 0.05, 0, 0, 0, 0
0, 0.02, 0.09, 0, 0.0148, 0, 0, 0.1, 0, 0, 0, 0, 0, 0, 0, 0, 0, 0, 0, 0, 0, 0, 0.002, 0.004, 0, 0, 0, 0, 0.1, 0, 0.05, 0.003, 0.02, 0.067, 0.067, 0.067, 0.05, 0, 0, 0, 0
0, 0.02, 0.09, 0, 0.0148, 0, 0, 0.1, 0, 0, 0, 0, 0, 0, 0, 0, 0, 0, 0, 0, 0, 0, 0.001, 0.003, 0, 0, 0, 0, 0.1, 0, 0.067, 0.003, 0.031, 0.033, 0.067, 0.033, 0.052, 0, 0, 0, 0
0, 0.02, 0.09, 0, 0.0148, 0, 0, 0.1, 0, 0, 0, 0, 0, 0, 0, 0, 0, 0, 0, 0, 0, 0, 0.002, 0.004, 0, 0, 0, 0, 0.1, 0, 0.05, 0.004, 0.032, 0.05, 0.05, 0.05, 0.05, 0, 0, 0, 0
0, 0.02, 0.09, 0, 0.0148, 0, 0, 0.1, 0, 0, 0, 0, 0, 0, 0, 0, 0, 0, 0, 0, 0, 0, 0.002, 0.004, 0, 0, 0, 0, 0.1, 0, 0.05, 0.003, 0.034, 0.067, 0.067, 0.067, 0.05, 0, 0, 0, 0
0, 0.02, 0.68, 0, 0.00564, 0, 0, 0, 0, 0, 0, 0, 0, 0, 0, 0, 0, 0, 0, 0, 0, 0, 0.001, 0.001, 0, 0, 0, 0, 0.1, 0, 0, 0.002, 0.002, 0.1, 0, 0.1, 0, 0, 0, 0, 0
0, 0.02, 0.09, 0, 0.0148, 0, 0, 0.1, 0, 0, 0, 0, 0, 0, 0, 0, 0, 0, 0, 0, 0, 0, 0.001, 0.001, 0, 0, 0, 0, 0.1, 0, 0, 0.255, 0.002, 0.001, 0.008, 0.001, 0, 0.061, 0, 0.001, 0
0, 0.02, 0.09, 0, 0.0148, 0, 0, 0.1, 0, 0, 0, 0, 0, 0, 0, 0, 0, 0, 0, 0, 0, 0, 0.003, 0.003, 0, 0, 0, 0, 0.1, 0, 0, 0.255, 0.004, 0.002, 0.008, 0.002, 0, 0.06, 0, 0.001, 0
0, 0.02, 0.09, 0, 0.0148, 0, 0, 0.1, 0, 0, 0, 0, 0, 0, 0, 0, 0, 0, 0, 0, 0, 0, 0.004, 0.004, 0, 0, 0, 0, 0.1, 0, 0, 0.255, 0.005, 0.002, 0.008, 0.002, 0, 0.06, 0, 0.001, 0
0, 0.02, 0.09, 0, 0.0148, 0, 0, 0.1, 0, 0, 0, 0, 0, 0, 0, 0, 0, 0, 0, 0, 0, 0, 0.005, 0.005, 0, 0, 0, 0, 0.1, 0, 0, 0.255, 0.006, 0.002, 0.008, 0.002, 0, 0.059, 0, 0.001, 0
0, 0.02, 0.09, 0, 0.0148, 0, 0, 0.1, 0, 0, 0, 0, 0, 0, 0, 0, 0, 0, 0, 0, 0, 0, 0.007, 0.007, 0, 0, 0, 0, 0.1, 0, 0, 0.255, 0.008, 0.003, 0.008, 0.003, 0, 0.058, 0, 0.001, 0
0, 0.02, 0.09, 0, 0.0148, 0, 0, 0.1, 0, 0, 0, 0, 0, 0, 0, 0, 0, 0, 0, 0, 0, 0, 0.008, 0.008, 0, 0, 0, 0, 0.1, 0, 0, 0.255, 0.009, 0.004, 0.008, 0.004, 0, 0.058, 0, 0.001, 0
0, 0.02, 0.09, 0, 0.0148, 0, 0, 0.1, 0, 0, 0, 0, 0, 0, 0, 0, 0, 0, 0, 0, 0, 0, 0.009, 0.009, 0, 0, 0, 0, 0.1, 0, 0, 0.255, 0.01, 0.004, 0.008, 0.004, 0, 0.058, 0, 0.001, 0
0, 0.02, 0.09, 0, 0.0148, 0, 0, 0.1, 0, 0, 0, 0, 0, 0, 0, 0, 0, 0, 0, 0, 0, 0, 0.011, 0.011, 0, 0, 0, 0, 0.1, 0, 0, 0.255, 0.012, 0.005, 0.008, 0.005, 0, 0.057, 0, 0.001, 0
0, 0.02, 0.09, 0, 0.0148, 0, 0, 0.1, 0, 0, 0, 0, 0, 0, 0, 0, 0, 0, 0, 0, 0, 0, 0.012, 0.012, 0, 0, 0, 0, 0.1, 0, 0, 0.255, 0.013, 0.005, 0.008, 0.005, 0, 0.056, 0, 0.001, 0
0, 0.02, 0.09, 0, 0.0148, 0, 0, 0.1, 0, 0, 0, 0, 0, 0, 0, 0, 0, 0, 0, 0, 0, 0, 0.013, 0.013, 0, 0, 0, 0, 0.1, 0, 0, 0.255, 0.014, 0.005, 0.008, 0.005, 0, 0.056, 0, 0.001, 0
0, 0.02, 0.09, 0, 0.0148, 0, 0, 0.1, 0, 0, 0, 0, 0, 0, 0, 0, 0, 0, 0, 0, 0, 0, 0.015, 0.015, 0, 0, 0, 0, 0.1, 0, 0, 0.255, 0.016, 0.006, 0.008, 0.006, 0, 0.055, 0, 0.001, 0
0, 0.02, 0.09, 0, 0.0148, 0, 0, 0.1, 0, 0, 0, 0, 0, 0, 0, 0, 0, 0, 0, 0, 0, 0, 0.016, 0.016, 0, 0, 0, 0, 0.1, 0, 0, 0.255, 0.017, 0.007, 0.008, 0.007, 0, 0.055, 0, 0.001, 0
0, 0.02, 0.09, 0, 0.0148, 0, 0, 0.1, 0, 0, 0, 0, 0, 0, 0, 0, 0, 0, 0, 0, 0, 0, 0.017, 0.017, 0, 0, 0, 0, 0.1, 0, 0, 0.255, 0.018, 0.007, 0.008, 0.007, 0, 0.055, 0, 0.001, 0
0, 0.02, 0.09, 0, 0.0148, 0, 0, 0.1, 0, 0, 0, 0, 0, 0, 0, 0, 0, 0, 0, 0, 0, 0, 0.019, 0.019, 0, 0, 0, 0, 0.1, 0, 0, 0.255, 0.02, 0.008, 0.008, 0.008, 0, 0.054, 0, 0.001, 0
0, 0.02, 0.09, 0, 0.0148, 0, 0, 0.1, 0, 0, 0, 0, 0, 0, 0, 0, 0, 0, 0, 0, 0, 0, 0.02, 0.02, 0, 0, 0, 0, 0.1, 0, 0, 0.255, 0.021, 0.008, 0.008, 0.008, 0, 0.053, 0, 0.001, 0
0, 0.02, 0.09, 0, 0.0148, 0, 0, 0.1, 0, 0, 0, 0, 0, 0, 0, 0, 0, 0, 0, 0, 0, 0, 0.001, 0.001, 0, 0, 0, 0, 0.1, 0, 0, 0.002, 0.155, 0.05, 0.1, 0.05, 0.001, 0.05, 0, 0, 0
0, 0.02, 0.09, 0, 0.0148, 0, 0, 0.1, 0, 0, 0, 0, 0, 0, 0, 0, 0, 0, 0, 0, 0, 0, 0.001, 0.001, 0, 0, 0, 0, 0.1, 0, 0, 0.004, 0.155, 0.075, 0.05, 0.075, 0.001, 0.025, 0, 0, 0
0, 0.02, 0.09, 0, 0.0148, 0, 0, 0.1, 0, 0, 0, 0, 0, 0, 0, 0, 0, 0, 0, 0, 0, 0, 0.002, 0.002, 0, 0, 0, 0, 0.1, 0, 0, 0.005, 0.155, 0.08, 0.04, 0.08, 0.001, 0.02, 0, 0, 0
0, 0.02, 0.09, 0, 0.0148, 0, 0, 0.1, 0, 0, 0, 0, 0, 0, 0, 0, 0, 0, 0, 0, 0, 0, 0.001, 0.003, 0, 0, 0, 0, 0.1, 0, 0.067, 0.002, 0.154, 0.05, 0.1, 0.05, 0.002, 0.05, 0, 0, 0
0, 0.02, 0.09, 0, 0.0148, 0, 0, 0.1, 0, 0, 0, 0, 0, 0, 0, 0, 0, 0, 0, 0, 0, 0, 0.001, 0.003, 0, 0, 0, 0, 0.1, 0, 0.067, 0.004, 0.154, 0.075, 0.05, 0.075, 0.002, 0.025, 0, 0, 0
0, 0.02, 0.09, 0, 0.0148, 0, 0, 0.1, 0, 0, 0, 0, 0, 0, 0, 0, 0, 0, 0, 0, 0, 0, 0.002, 0.004, 0, 0, 0, 0, 0.1, 0, 0.05, 0.005, 0.154, 0.08, 0.04, 0.08, 0.002, 0.02, 0, 0, 0
0, 0.02, 0.09, 0, 0.0148, 0, 0, 0.1, 0, 0, 0, 0, 0, 0, 0, 0, 0, 0, 0, 0, 0, 0, 0.001, 0.003, 0, 0, 0, 0, 0.1, 0, 0.067, 0.002, 0.153, 0.05, 0.1, 0.05, 0.003, 0.05, 0, 0, 0
0, 0.02, 0.09, 0, 0.0148, 0, 0, 0.1, 0, 0, 0, 0, 0, 0, 0, 0, 0, 0, 0, 0, 0, 0, 0.001, 0.003, 0, 0, 0, 0, 0.1, 0, 0.067, 0.004, 0.153, 0.075, 0.05, 0.075, 0.003, 0.025, 0, 0, 0
0, 0.02, 0.09, 0, 0.0148, 0, 0, 0.1, 0, 0, 0, 0, 0, 0, 0, 0, 0, 0, 0, 0, 0, 0, 0.002, 0.004, 0, 0, 0, 0, 0.1, 0, 0.05, 0.005, 0.153, 0.08, 0.04, 0.08, 0.003, 0.02, 0, 0, 0
0, 0.02, 0.09, 0, 0.0148, 0, 0, 0.1, 0, 0, 0, 0, 0, 0, 0, 0, 0, 0, 0, 0, 0, 0, 0.001, 0.003, 0, 0, 0, 0, 0.1, 0, 0.067, 0.002, 0.152, 0.05, 0.1, 0.05, 0.003, 0.05, 0, 0, 0
0, 0.02, 0.09, 0, 0.0148, 0, 0, 0.1, 0, 0, 0, 0, 0, 0, 0, 0, 0, 0, 0, 0, 0, 0, 0.002, 0.004, 0, 0, 0, 0, 0.1, 0, 0.05, 0.004, 0.152, 0.075, 0.05, 0.075, 0.003, 0.025, 0, 0, 0
0, 0.02, 0.09, 0, 0.0148, 0, 0, 0.1, 0, 0, 0, 0, 0, 0, 0, 0, 0, 0, 0, 0, 0, 0, 0.001, 0.002, 0, 0, 0, 0, 0.1, 0, 0.1, 0.002, 0.151, 0.05, 0.1, 0.05, 0.004, 0.05, 0, 0, 0
0, 0.02, 0.09, 0, 0.0148, 0, 0, 0.1, 0, 0, 0, 0, 0, 0, 0, 0, 0, 0, 0, 0, 0, 0, 0.002, 0.003, 0, 0, 0, 0, 0.1, 0, 0.067, 0.003, 0.151, 0.067, 0.067, 0.067, 0.004, 0.033, 0, 0, 0
0, 0.02, 0.09, 0, 0.0148, 0, 0, 0.1, 0, 0, 0, 0, 0, 0, 0, 0, 0, 0, 0, 0, 0, 0, 0.002, 0.004, 0, 0, 0, 0, 0.1, 0, 0.05, 0.005, 0.151, 0.08, 0.04, 0.08, 0.004, 0.02, 0, 0, 0
0, 0.02, 0.09, 0, 0.0148, 0, 0, 0.1, 0, 0, 0, 0, 0, 0, 0, 0, 0, 0, 0, 0, 0, 0, 0.001, 0.003, 0, 0, 0, 0, 0.1, 0, 0.067, 0.001, 0.151, 0.1, 0, 0.1, 0.005, 0, 0, 0, 0
0, 0.02, 0.09, 0, 0.0148, 0, 0, 0.1, 0, 0, 0, 0, 0, 0, 0, 0, 0, 0, 0, 0, 0, 0, 0.002, 0.004, 0, 0, 0, 0, 0.1, 0, 0.05, 0.002, 0.151, 0.1, 0, 0.1, 0.005, 0, 0, 0, 0
0, 0.02, 0.09, 0, 0.0148, 0, 0, 0.1, 0, 0, 0, 0, 0, 0, 0, 0, 0, 0, 0, 0, 0, 0, 0.002, 0.004, 0, 0, 0, 0, 0.1, 0, 0.05, 0.004, 0.151, 0.1, 0, 0.1, 0.005, 0, 0, 0, 0
0, 0.02, 0.09, 0, 0.0148, 0, 0, 0.1, 0, 0, 0, 0, 0, 0, 0, 0, 0, 0, 0, 0, 0, 0, 0.001, 0.003, 0, 0, 0, 0, 0.1, 0, 0.067, 0.001, 0.151, 0.1, 0, 0.1, 0.006, 0, 0, 0, 0
0, 0.02, 0.09, 0, 0.0148, 0, 0, 0.1, 0, 0, 0, 0, 0, 0, 0, 0, 0, 0, 0, 0, 0, 0, 0.002, 0.004, 0, 0, 0, 0, 0.1, 0, 0.05, 0.002, 0.151, 0.1, 0, 0.1, 0.006, 0, 0, 0, 0
0, 0.02, 0.09, 0, 0.0148, 0, 0, 0.1, 0, 0, 0, 0, 0, 0, 0, 0, 0, 0, 0, 0, 0, 0, 0.002, 0.004, 0, 0, 0, 0, 0.1, 0, 0.05, 0.004, 0.151, 0.1, 0, 0.1, 0.006, 0, 0, 0, 0
0, 0.02, 0.09, 0, 0.0148, 0, 0, 0.1, 0, 0, 0, 0, 0, 0, 0, 0, 0, 0, 0, 0, 0, 0, 0.001, 0.003, 0, 0, 0, 0, 0.1, 0, 0.067, 0.001, 0.151, 0.1, 0, 0.1, 0.007, 0, 0, 0, 0
0, 0.02, 0.09, 0, 0.0148, 0, 0, 0.1, 0, 0, 0, 0, 0, 0, 0, 0, 0, 0, 0, 0, 0, 0, 0.002, 0.004, 0, 0, 0, 0, 0.1, 0, 0.05, 0.002, 0.151, 0.1, 0, 0.1, 0.007, 0, 0, 0, 0
0, 0.02, 0.09, 0, 0.0148, 0, 0, 0.1, 0, 0, 0, 0, 0, 0, 0, 0, 0, 0, 0, 0, 0, 0, 0.002, 0.004, 0, 0, 0, 0, 0.1, 0, 0.05, 0.004, 0.151, 0.1, 0, 0.1, 0.007, 0, 0, 0, 0
0, 0.02, 0.09, 0, 0.0148, 0, 0, 0.1, 0, 0, 0, 0, 0, 0, 0, 0, 0, 0, 0, 0, 0, 0, 0.001, 0.003, 0, 0, 0, 0, 0.1, 0, 0.067, 0.001, 0.151, 0.1, 0, 0.1, 0.008, 0, 0, 0, 0
0, 0.02, 0.09, 0, 0.0148, 0, 0, 0.1, 0, 0, 0, 0, 0, 0, 0, 0, 0, 0, 0, 0, 0, 0, 0.002, 0.004, 0, 0, 0, 0, 0.1, 0, 0.05, 0.002, 0.151, 0.1, 0, 0.1, 0.008, 0, 0, 0, 0
0, 0.02, 0.09, 0, 0.0148, 0, 0, 0.1, 0, 0, 0, 0, 0, 0, 0, 0, 0, 0, 0, 0, 0, 0, 0.002, 0.004, 0, 0, 0, 0, 0.1, 0, 0.05, 0.004, 0.151, 0.1, 0, 0.1, 0.008, 0, 0, 0, 0
0, 0.02, 0.09, 0, 0.0148, 0, 0, 0.1, 0, 0, 0, 0, 0, 0, 0, 0, 0, 0, 0, 0, 0, 0, 0.001, 0.003, 0, 0, 0, 0, 0.1, 0, 0.067, 0.001, 0.151, 0.1, 0, 0.1, 0.009, 0, 0, 0, 0
0, 0.02, 0.09, 0, 0.0148, 0, 0, 0.1, 0, 0, 0, 0, 0, 0, 0, 0, 0, 0, 0, 0, 0, 0, 0.002, 0.004, 0, 0, 0, 0, 0.1, 0, 0.05, 0.002, 0.151, 0.1, 0, 0.1, 0.009, 0, 0, 0, 0
0, 0.02, 0.09, 0, 0.0148, 0, 0, 0.1, 0, 0, 0, 0, 0, 0, 0, 0, 0, 0, 0, 0, 0, 0, 0.002, 0.004, 0, 0, 0, 0, 0.1, 0, 0.05, 0.004, 0.151, 0.1, 0, 0.1, 0.009, 0, 0, 0, 0
0, 0.02, 0.09, 0, 0.0148, 0, 0, 0.1, 0, 0, 0, 0, 0, 0, 0, 0, 0, 0, 0, 0, 0, 0, 0.001, 0.003, 0, 0, 0, 0, 0.1, 0, 0.067, 0.001, 0.151, 0.1, 0, 0.1, 0.01, 0, 0, 0, 0
0, 0.02, 0.09, 0, 0.0148, 0, 0, 0.1, 0, 0, 0, 0, 0, 0, 0, 0, 0, 0, 0, 0, 0, 0, 0.002, 0.004, 0, 0, 0, 0, 0.1, 0, 0.05, 0.002, 0.151, 0.1, 0, 0.1, 0.01, 0, 0, 0, 0
0, 0.02, 0.09, 0, 0.0148, 0, 0, 0.1, 0, 0, 0, 0, 0, 0, 0, 0, 0, 0, 0, 0, 0, 0, 0.002, 0.004, 0, 0, 0, 0, 0.1, 0, 0.05, 0.004, 0.151, 0.1, 0, 0.1, 0.01, 0, 0, 0, 0
0, 0.02, 0.09, 0, 0.0148, 0, 0, 0.1, 0, 0, 0, 0, 0, 0, 0, 0, 0, 0, 0, 0, 0, 0, 0.001, 0.003, 0, 0, 0, 0, 0.1, 0, 0.067, 0.001, 0.151, 0.1, 0, 0.1, 0.011, 0, 0, 0, 0
0, 0.02, 0.09, 0, 0.0148, 0, 0, 0.1, 0, 0, 0, 0, 0, 0, 0, 0, 0, 0, 0, 0, 0, 0, 0.002, 0.004, 0, 0, 0, 0, 0.1, 0, 0.05, 0.002, 0.151, 0.1, 0, 0.1, 0.011, 0, 0, 0, 0
0, 0.02, 0.09, 0, 0.0148, 0, 0, 0.1, 0, 0, 0, 0, 0, 0, 0, 0, 0, 0, 0, 0, 0, 0, 0.002, 0.004, 0, 0, 0, 0, 0.1, 0, 0.05, 0.004, 0.151, 0.1, 0, 0.1, 0.011, 0, 0, 0, 0
0, 0.02, 0.09, 0, 0.0148, 0, 0, 0.1, 0, 0, 0, 0, 0, 0, 0, 0, 0, 0, 0, 0, 0, 0, 0.001, 0.003, 0, 0, 0, 0, 0.1, 0, 0.067, 0.001, 0.151, 0.1, 0, 0.1, 0.012, 0, 0, 0, 0
0, 0.02, 0.09, 0, 0.0148, 0, 0, 0.1, 0, 0, 0, 0, 0, 0, 0, 0, 0, 0, 0, 0, 0, 0, 0.002, 0.004, 0, 0, 0, 0, 0.1, 0, 0.05, 0.002, 0.151, 0.1, 0, 0.1, 0.012, 0, 0, 0, 0
0, 0.02, 0.09, 0, 0.0148, 0, 0, 0.1, 0, 0, 0, 0, 0, 0, 0, 0, 0, 0, 0, 0, 0, 0, 0.002, 0.004, 0, 0, 0, 0, 0.1, 0, 0.05, 0.004, 0.151, 0.1, 0, 0.1, 0.012, 0, 0, 0, 0
0, 0.02, 0.09, 0, 0.0148, 0, 0, 0.1, 0, 0, 0, 0, 0, 0, 0, 0, 0, 0, 0, 0, 0, 0, 0.001, 0.003, 0, 0, 0, 0, 0.1, 0, 0.067, 0.001, 0.151, 0.1, 0, 0.1, 0.013, 0, 0, 0, 0
0, 0.02, 0.09, 0, 0.0148, 0, 0, 0.1, 0, 0, 0, 0, 0, 0, 0, 0, 0, 0, 0, 0, 0, 0, 0.002, 0.004, 0, 0, 0, 0, 0.1, 0, 0.05, 0.002, 0.151, 0.1, 0, 0.1, 0.013, 0, 0, 0, 0
0, 0.02, 0.09, 0, 0.0148, 0, 0, 0.1, 0, 0, 0, 0, 0, 0, 0, 0, 0, 0, 0, 0, 0, 0, 0.002, 0.004, 0, 0, 0, 0, 0.1, 0, 0.05, 0.004, 0.151, 0.1, 0, 0.1, 0.013, 0, 0, 0, 0
0, 0.02, 0.09, 0, 0.0148, 0, 0, 0.1, 0, 0, 0, 0, 0, 0, 0, 0, 0, 0, 0, 0, 0, 0, 0.001, 0.003, 0, 0, 0, 0, 0.1, 0, 0.067, 0.001, 0.151, 0.1, 0, 0.1, 0.014, 0, 0, 0, 0
0, 0.02, 0.09, 0, 0.0148, 0, 0, 0.1, 0, 0, 0, 0, 0, 0, 0, 0, 0, 0, 0, 0, 0, 0, 0.002, 0.004, 0, 0, 0, 0, 0.1, 0, 0.05, 0.002, 0.151, 0.1, 0, 0.1, 0.014, 0, 0, 0, 0
0, 0.02, 0.09, 0, 0.0148, 0, 0, 0.1, 0, 0, 0, 0, 0, 0, 0, 0, 0, 0, 0, 0, 0, 0, 0.002, 0.004, 0, 0, 0, 0, 0.1, 0, 0.05, 0.004, 0.151, 0.1, 0, 0.1, 0.014, 0, 0, 0, 0
0, 0.02, 0.09, 0, 0.0148, 0, 0, 0.1, 0, 0, 0, 0, 0, 0, 0, 0, 0, 0, 0, 0, 0, 0, 0.001, 0.001, 0, 0, 0, 0, 0.1, 0, 0, 0.255, 0.003, 0.001, 0.002, 0.001, 0, 0, 0, 0, 0
0, 0.02, 0.09, 0, 0.0148, 0, 0, 0.1, 0, 0, 0, 0, 0, 0, 0, 0, 0, 0, 0, 0, 0, 0, 0.002, 0.002, 0, 0, 0, 0, 0.1, 0, 0, 0.255, 0.004, 0.002, 0.002, 0.002, 0, 0, 0, 0, 0
0, 0.02, 0.09, 0, 0.0148, 0, 0, 0.1, 0, 0, 0, 0, 0, 0, 0, 0, 0, 0, 0, 0, 0, 0, 0.004, 0.004, 0, 0, 0, 0, 0.1, 0, 0, 0.255, 0.006, 0.002, 0.002, 0.002, 0, 0, 0, 0, 0
0, 0.02, 0.09, 0, 0.0148, 0, 0, 0.1, 0, 0, 0, 0, 0, 0, 0, 0, 0, 0, 0, 0, 0, 0, 0.005, 0.005, 0, 0, 0, 0, 0.1, 0, 0, 0.255, 0.007, 0.003, 0.002, 0.003, 0, 0, 0, 0, 0
0, 0.02, 0.09, 0, 0.0148, 0, 0, 0.1, 0, 0, 0, 0, 0, 0, 0, 0, 0, 0, 0, 0, 0, 0, 0.006, 0.006, 0, 0, 0, 0, 0.1, 0, 0, 0.255, 0.008, 0.003, 0.002, 0.003, 0, 0, 0, 0, 0
0, 0.02, 0.09, 0, 0.0148, 0, 0, 0.1, 0, 0, 0, 0, 0, 0, 0, 0, 0, 0, 0, 0, 0, 0, 0.008, 0.008, 0, 0, 0, 0, 0.1, 0, 0, 0.255, 0.01, 0.004, 0.002, 0.004, 0, 0, 0, 0, 0
0, 0.02, 0.09, 0, 0.0148, 0, 0, 0.1, 0, 0, 0, 0, 0, 0, 0, 0, 0, 0, 0, 0, 0, 0, 0.009, 0.009, 0, 0, 0, 0, 0.1, 0, 0, 0.255, 0.011, 0.004, 0.002, 0.004, 0, 0, 0, 0, 0
0, 0.02, 0.09, 0, 0.0148, 0, 0, 0.1, 0, 0, 0, 0, 0, 0, 0, 0, 0, 0, 0, 0, 0, 0, 0.01, 0.01, 0, 0, 0, 0, 0.1, 0, 0, 0.255, 0.012, 0.005, 0.002, 0.005, 0, 0, 0, 0, 0
0, 0.02, 0.09, 0, 0.0148, 0, 0, 0.1, 0, 0, 0, 0, 0, 0, 0, 0, 0, 0, 0, 0, 0, 0, 0.012, 0.012, 0, 0, 0, 0, 0.1, 0, 0, 0.255, 0.014, 0.005, 0.002, 0.005, 0, 0, 0, 0, 0
0, 0.02, 0.09, 0, 0.0148, 0, 0, 0.1, 0, 0, 0, 0, 0, 0, 0, 0, 0, 0, 0, 0, 0, 0, 0.013, 0.013, 0, 0, 0, 0, 0.1, 0, 0, 0.255, 0.015, 0.006, 0.002, 0.006, 0, 0, 0, 0, 0
0, 0.02, 0.09, 0, 0.0148, 0, 0, 0.1, 0, 0, 0, 0, 0, 0, 0, 0, 0, 0, 0, 0, 0, 0, 0.014, 0.014, 0, 0, 0, 0, 0.1, 0, 0, 0.255, 0.016, 0.006, 0.002, 0.006, 0, 0, 0, 0, 0
0, 0.02, 0.09, 0, 0.0148, 0, 0, 0.1, 0, 0, 0, 0, 0, 0, 0, 0, 0, 0, 0, 0, 0, 0, 0.016, 0.016, 0, 0, 0, 0, 0.1, 0, 0, 0.255, 0.018, 0.007, 0.002, 0.007, 0, 0, 0, 0, 0
0, 0.02, 0.09, 0, 0.0148, 0, 0, 0.1, 0, 0, 0, 0, 0, 0, 0, 0, 0, 0, 0, 0, 0, 0, 0.017, 0.017, 0, 0, 0, 0, 0.1, 0, 0, 0.255, 0.019, 0.007, 0.002, 0.007, 0, 0, 0, 0, 0
0, 0.02, 0.09, 0, 0.0148, 0, 0, 0.1, 0, 0, 0, 0, 0, 0, 0, 0, 0, 0, 0, 0, 0, 0, 0.018, 0.018, 0, 0, 0, 0, 0.1, 0, 0, 0.255, 0.02, 0.008, 0.002, 0.008, 0, 0, 0, 0, 0
0, 0.02, 0.09, 0, 0.0148, 0, 0, 0.1, 0, 0, 0, 0, 0, 0, 0, 0, 0, 0, 0, 0, 0, 0, 0.02, 0.02, 0, 0, 0, 0, 0.1, 0, 0, 0.255, 0.022, 0.009, 0.002, 0.009, 0, 0, 0, 0, 0
