0.0156, 0, 0.07, 0, 0.0095, 0.02551, 0, 0, 0, 1, 0, 0.1, 0, 0, 0, 0, 1, 0, 0, 0, 0, 0.1, 0.001, 0.001, 0, 0, 0, 0, 0.1, 0, 0, 0.218, 0.001, 0, 0.003, 0, 0, 0.001, 0, 0.007, 0
0, 0, 0.14, 0, 0, 0.07181, 0, 0, 0, 0, 0, 0, 0, 0, 0, 0, 0, 0, 0, 0, 0, 0, 0.001, 0.001, 0, 0, 0, 0, 0.1, 0, 0, 0.001, 0.001, 0.1, 0, 0.1, 0, 0, 0, 0, 0
0, 0, 0.14, 0, 0, 0.00848, 0, 0, 0, 0, 0, 0, 0, 0, 0, 0, 0, 0, 0, 0, 0, 0, 0.002, 0.002, 0, 0, 0, 0, 0.1, 0, 0, 0.002, 0.002, 0.1, 0, 0.1, 0, 0, 0, 0, 0
0.001, 0, 0.14, 0, 0, 1, 0, 0, 0, 0, 0, 0, 0, 0, 0, 0, 0, 0, 0, 0, 0, 0, 0.001, 0.001, 0, 0, 0, 0, 0.1, 0, 0, 0.004, 0.004, 0.1, 0, 0.1, 0, 0, 0, 0, 0
0.001, 0, 0.14, 0, 0, 1, 0, 0, 0, 0, 0, 0, 0, 0, 0, 0, 0, 0, 0, 0, 0, 0, 0.001, 0.001, 0, 0, 0, 0, 0.1, 0, 0, 0.005, 0.005, 0.1, 0, 0.1, 0, 0, 0, 0, 0
0.0009, 0, 0.14, 0, 0, 1, 0, 0, 0, 0, 0, 0, 0, 0, 0, 0, 0, 0, 0, 0, 0, 0, 0.001, 0.001, 0, 0, 0, 0, 0.1, 0, 0, 0.006, 0.006, 0.1, 0, 0.1, 0, 0, 0, 0, 0
0.001, 0, 0.14, 0, 0, 1, 0, 0, 0, 0, 0, 0, 0, 0, 0, 0, 0, 0, 0, 0, 0, 0, 0.001, 0.001, 0, 0, 0, 0, 0.1, 0, 0, 0.008, 0.008, 0.1, 0, 0.1, 0, 0, 0, 0, 0
0.0009, 0, 0.14, 0, 0, 1, 0, 0, 0, 0, 0, 0, 0, 0, 0, 0, 0, 0, 0, 0, 0, 0, 0.001, 0.001, 0, 0, 0, 0, 0.1, 0, 0, 0.009, 0.009, 0.1, 0, 0.1, 0, 0, 0, 0, 0
0.001, 0, 0.14, 0, 0, 1, 0, 0, 0, 0, 0, 0, 0, 0, 0, 0, 0, 0, 0, 0, 0, 0, 0.001, 0.001, 0, 0, 0, 0, 0.1, 0, 0, 0.01, 0.01, 0.1, 0, 0.1, 0, 0, 0, 0, 0
0.0009, 0, 0.14, 0, 0, 1, 0, 0, 0, 0, 0, 0, 0, 0, 0, 0, 0, 0, 0, 0, 0, 0, 0.001, 0.001, 0, 0, 0, 0, 0.1, 0, 0, 0.012, 0.012, 0.1, 0, 0.1, 0, 0, 0, 0, 0
0.0009, 0, 0.14, 0, 0, 1, 0, 0, 0, 0, 0, 0, 0, 0, 0, 0, 0, 0, 0, 0, 0, 0, 0.001, 0.001, 0, 0, 0, 0, 0.1, 0, 0, 0.013, 0.013, 0.1, 0, 0.1, 0, 0, 0, 0, 0
0.0009, 0, 0.14, 0, 0, 1, 0, 0, 0, 0, 0, 0, 0, 0, 0, 0, 0, 0, 0, 0, 0, 0, 0.001, 0.001, 0, 0, 0, 0, 0.1, 0, 0, 0.014, 0.014, 0.1, 0, 0.1, 0, 0, 0, 0, 0
0.001, 0, 0.14, 0, 0, 1, 0, 0, 0, 0, 0, 0, 0, 0, 0, 0, 0, 0, 0, 0, 0, 0, 0.001, 0.001, 0, 0, 0, 0, 0.1, 0, 0, 0.016, 0.016, 0.1, 0, 0.1, 0, 0, 0, 0, 0
0.001, 0, 0.14, 0, 0, 1, 0, 0, 0, 0, 0, 0, 0, 0, 0, 0, 0, 0, 0, 0, 0, 0, 0.001, 0.001, 0, 0, 0, 0, 0.1, 0, 0, 0.017, 0.017, 0.1, 0, 0.1, 0, 0, 0, 0, 0
0.0002, 0, 0.14, 0, 0, 1, 0, 0, 0, 0, 0, 0, 0, 0, 0, 0, 0, 0, 0, 0, 0, 0, 0.001, 0.001, 0, 0, 0, 0, 0.1, 0, 0, 0.018, 0.018, 0.1, 0, 0.1, 0, 0, 0, 0, 0
