100
1 13 17 20
2 11 20 49
3 19 24 21
4 24 25 33
5 17 24 7
6 4 15 49
7 13 21 41
8 11 19 21
9 14 18 33
10 22 25 20
11 20 23 28
12 12 22 27
13 14 16 2
14 19 20 38
15 1 4 14
16 12 13 32
17 6 7 36
18 23 25 11
19 11 20 4
20 16 21 17
21 12 17 37
22 9 14 5
23 15 20 38
24 19 20 40
25 9 14 22
26 17 19 20
27 2 21 37
28 22 25 4
29 4 10 44
30 10 16 34
31 3 18 39
32 22 23 24
33 6 17 6
34 9 16 4
35 23 25 4
36 24 25 9
37 6 11 28
38 14 16 32
39 12 18 31
40 24 25 10
41 11 19 18
42 2 20 38
43 7 14 48
44 23 25 34
45 16 17 29
46 2 25 17
47 5 18 10
48 22 23 28
49 18 23 10
50 15 25 38
51 21 25 3
52 23 24 36
53 5 23 32
54 7 16 6
55 2 5 22
56 2 17 36
57 0 21 41
58 0 17 2
59 10 24 35
60 9 14 3
61 11 13 1
62 14 16 27
63 15 21 20
64 6 9 44
65 16 25 24
66 15 18 31
67 21 25 22
68 16 18 6
69 22 24 12
70 2 15 12
71 3 21 18
72 9 20 46
73 16 20 39
74 24 25 44
75 3 6 5
76 18 24 27
77 15 22 35
78 14 18 15
79 5 11 45
80 11 23 45
81 12 22 24
82 17 18 4
83 4 12 18
84 11 17 46
85 23 24 47
86 13 17 5
87 7 18 4
88 15 22 9
89 22 24 33
90 6 23 14
91 2 4 48
92 19 23 7
93 13 18 31
94 20 23 29
95 6 16 39
96 10 14 40
97 11 12 18
98 23 25 5
99 3 23 12
100 8 21 49
