0, 0, 0.04, 0.07, 0, 0, 0.1, 0, 0, 0, 0, 0, 0, 0, 0, 0, 0, 0, 0, 0, 0, 0, 0.001, 0.001, 0.1, 0.1, 0, 0, 0.1, 0, 0, 0.001, 0.008, 0.1, 0, 0.1, 0.038, 0.1, 0.012, 0, 0
0, 0, 0.04, 0.07, 0, 0, 0.1, 0, 0, 0, 0, 0, 0, 0, 0, 0, 0, 0, 0, 0, 0, 0, 0.001, 0.002, 0.1, 0.1, 0, 0, 0.1, 0, 0.1, 0.001, 0.001, 0.1, 0, 0.1, 0, 0.1, 0.1, 0, 0
0, 0, 0.04, 0.07, 0, 0, 0.1, 0, 0, 0, 0, 0, 0, 0, 0, 0, 0, 0, 0, 0, 0, 0, 0.001, 0.001, 0.1, 0.1, 0, 0, 0.1, 0, 0, 0.001, 0.006, 0.1, 0, 0.1, 0.033, 0.1, 0.017, 0, 0
0, 0, 0.04, 0.07, 0, 0, 0.1, 0, 0, 0, 0, 0, 0, 0, 0, 0, 0, 0, 0, 0, 0, 0, 0.001, 0.002, 0.1, 0.1, 0, 0, 0.1, 0, 0.1, 0.012, 0.009, 0.008, 0.017, 0.008, 0.033, 0.058, 0.011, 0, 0
0, 0, 0.04, 0.07, 0, 0, 0.1, 0, 0, 0, 0, 0, 0, 0, 0, 0, 0, 0, 0, 0, 0, 0, 0.001, 0.002, 0.1, 0.1, 0, 0, 0.1, 0, 0.1, 0.001, 0.002, 0.1, 0, 0.1, 0.1, 0.1, 0.1, 0, 0
0, 0, 0.04, 0.07, 0, 0, 0.1, 0, 0, 0, 0, 0, 0, 0, 0, 0, 0, 0, 0, 0, 0, 0, 0.001, 0.002, 0.1, 0.1, 0, 0, 0.1, 0, 0.1, 0.001, 0.003, 0.1, 0, 0.1, 0.1, 0.1, 0.1, 0, 0
0, 0, 0.04, 0.07, 0, 0, 0.1, 0, 0, 0, 0, 0, 0, 0, 0, 0, 0, 0, 0, 0, 0, 0, 0.001, 0.002, 0.1, 0.1, 0, 0, 0.1, 0, 0.1, 0.001, 0.004, 0.1, 0, 0.1, 0.1, 0.1, 0.1, 0, 0
0, 0, 0.04, 0.07, 0, 0, 0.1, 0, 0, 0, 0, 0, 0, 0, 0, 0, 0, 0, 0, 0, 0, 0, 0.001, 0.002, 0.1, 0.1, 0, 0, 0.1, 0, 0.1, 0.001, 0.005, 0.1, 0, 0.1, 0.1, 0.1, 0.1, 0, 0
0, 0, 0.04, 0.07, 0, 0, 0.1, 0, 0, 0, 0, 0, 0, 0, 0, 0, 0, 0, 0, 0, 0, 0, 0.001, 0.002, 0.1, 0.1, 0, 0, 0.1, 0, 0.1, 0.001, 0.006, 0.1, 0, 0.1, 0.033, 0.1, 0.017, 0, 0
0, 0, 0.04, 0.07, 0, 0, 0.1, 0, 0, 0, 0, 0, 0, 0, 0, 0, 0, 0, 0, 0, 0, 0, 0.001, 0.001, 0.1, 0.1, 0, 0, 0.1, 0, 0, 0.001, 0.008, 0.1, 0, 0.1, 0.025, 0.1, 0.012, 0, 0
0, 0, 0.04, 0.07, 0, 0, 0.1, 0, 0, 0, 0, 0, 0, 0, 0, 0, 0, 0, 0, 0, 0, 0, 0.001, 0.002, 0.1, 0.1, 0, 0, 0.1, 0, 0.1, 0.001, 0.002, 0.1, 0, 0.1, 0.1, 0.1, 0.05, 0, 0
0, 0, 0.04, 0.07, 0, 0, 0.1, 0, 0, 0, 0, 0, 0, 0, 0, 0, 0, 0, 0, 0, 0, 0, 0.001, 0.002, 0.1, 0.1, 0, 0, 0.1, 0, 0.1, 0.001, 0.003, 0.1, 0, 0.1, 0.1, 0.1, 0.067, 0, 0
0, 0, 0.04, 0.07, 0, 0, 0.1, 0, 0, 0, 0, 0, 0, 0, 0, 0, 0, 0, 0, 0, 0, 0, 0.001, 0.002, 0.1, 0.1, 0, 0, 0.1, 0, 0.1, 0.001, 0.004, 0.1, 0, 0.1, 0.1, 0.1, 0.075, 0, 0
0, 0, 0.04, 0.07, 0, 0, 0.1, 0, 0, 0, 0, 0, 0, 0, 0, 0, 0, 0, 0, 0, 0, 0, 0.001, 0.002, 0.1, 0.1, 0, 0, 0.1, 0, 0.1, 0.001, 0.005, 0.1, 0, 0.1, 0.1, 0.1, 0.08, 0, 0
0, 0, 0.04, 0.07, 0, 0, 0.1, 0, 0, 0, 0, 0, 0, 0, 0, 0, 0, 0, 0, 0, 0, 0, 0.001, 0.002, 0.1, 0.1, 0, 0, 0.1, 0, 0.1, 0.001, 0.006, 0.1, 0, 0.1, 0.1, 0.1, 0.083, 0, 0
0, 0, 0.04, 0.07, 0, 0, 0.1, 0, 0, 0, 0, 0, 0, 0, 0, 0, 0, 0, 0, 0, 0, 0, 0.078, 0.002, 0.1, 0.1, 0, 0, 0.001, 0.008, 0.1, 0.001, 0.006, 0.1, 0, 0.1, 0.05, 0.1, 0.017, 0, 0
0, 0, 0.05, 0.07, 0, 0, 0.1, 0, 0, 0, 0, 0, 0, 0, 0, 0, 0, 0, 0, 0, 0, 0, 0.001, 0.001, 0.1, 0.1, 0, 0, 0.1, 0, 0, 0.001, 0.001, 0.1, 0, 0.1, 0, 0.1, 0.1, 0, 0
0, 0, 0.04, 0.07, 0, 0, 0.1, 0, 0, 0, 0, 0, 0, 0, 0, 0, 0, 0, 0, 0, 0, 0, 0.001, 0.002, 0.1, 0.1, 0, 0, 0.1, 0, 0.1, 0.015, 0.001, 0.007, 0.02, 0.007, 0, 0.007, 0.1, 0.007, 0
0, 0, 0.04, 0.07, 0, 0, 0.1, 0, 0, 0, 0, 0, 0, 0, 0, 0, 0, 0, 0, 0, 0, 0, 0.003, 0.002, 0.033, 0.1, 0.067, 0, 0.033, 0.1, 0.1, 0.016, 0.002, 0.012, 0.019, 0.012, 0, 0.012, 0.1, 0.006, 0
