0.0031, 0, 0.35, 0, 0.01345, 0.10036, 0, 0, 0, 0, 0, 0.1, 1, 0, 0, 1, 0, 0, 0, 0, 0, 0, 0.001, 0.001, 0, 0, 0, 0, 0.1, 0, 0, 0.255, 0.001, 0, 0.001, 0, 0, 0, 0, 0.003, 0
0, 0, 0.35, 0.1, 0, 0, 0, 0, 0, 0, 0, 0, 0, 0, 0, 0, 0, 0, 0, 0, 0, 0, 0.001, 0.16, 0.1, 0.058, 0, 0.003, 0.1, 0, 0.028, 0.001, 0.001, 0.1, 0, 0.1, 0, 0.1, 0.1, 0, 0
0, 0, 0.35, 0.1, 0, 0, 0, 0, 0, 0, 0, 0, 0, 0, 0, 0, 0, 0, 0, 0, 0, 0, 0.002, 0.161, 0.1, 0.058, 0, 0.003, 0.1, 0, 0.028, 0.002, 0.002, 0.1, 0, 0.1, 0, 0.1, 0.1, 0, 0
0, 0, 0.35, 0, 0, 0, 0, 0, 0, 0, 0, 0, 0, 0, 0, 0, 0, 0, 0, 0, 0, 0, 0.003, 0.162, 0.067, 0.058, 0, 0.003, 0.1, 0, 0.028, 0.003, 0.003, 0.1, 0, 0.1, 0, 0.067, 0.067, 0, 0
0, 0, 0.35, 0, 0, 0, 0, 0, 0, 0.2, 0, 0, 0, 0, 0, 0, 0, 0, 0, 0, 0, 0, 0.004, 0.163, 0.05, 0.058, 0, 0.003, 0.1, 0, 0.028, 0.004, 0.004, 0.1, 0, 0.1, 0, 0.05, 0.05, 0, 0
0.0041, 0, 0.35, 0, 0.01334, 0.00162, 0, 0, 0, 0, 0, 0, 0, 0, 0, 0, 0, 0, 0, 0, 0, 0, 0.001, 0.001, 0, 0, 0, 0, 0.1, 0, 0, 0.005, 0.005, 0.1, 0, 0.02, 0, 0.04, 0.04, 0, 0
0, 0, 0.35, 0.07, 0, 0, 0, 0, 0, 0, 0, 0, 0, 0, 0, 0, 0, 0, 0, 0, 0, 0, 0.001, 0.001, 0.1, 0.1, 0, 0, 0.1, 0, 0, 0.006, 0.006, 0.1, 0, 0.017, 0, 0.05, 0.05, 0, 0
0, 0, 0.35, 0.1, 0, 0, 0, 0, 0, 0, 0, 0, 0, 0, 0, 0, 0, 0, 0, 0, 0, 0, 0.001, 0.122, 0.1, 0.076, 0, 0.004, 0.1, 0, 0.037, 0.007, 0.007, 0.1, 0, 0.071, 0, 0.057, 0.057, 0, 0
0, 0, 0.35, 0.1, 0, 0, 0, 0, 0, 0, 0, 0, 0, 0, 0, 0, 0, 0, 0, 0, 0, 0, 0.002, 0.123, 0.1, 0.076, 0, 0.004, 0.1, 0, 0.037, 0.008, 0.008, 0.1, 0, 0.075, 0, 0.062, 0.062, 0, 0
0, 0, 0.35, 0, 0, 0, 0, 0, 0, 0, 0, 0, 0, 0, 0, 0, 0, 0, 0, 0, 0, 0, 0.003, 0.124, 0.067, 0.076, 0, 0.004, 0.1, 0, 0.036, 0.009, 0.009, 0.1, 0, 0.078, 0, 0.056, 0.056, 0, 0
0, 0, 0.35, 0, 0, 0, 0, 0, 0, 0.2, 0, 0, 0, 0, 0, 0, 0, 0, 0, 0, 0, 0, 0.004, 0.125, 0.05, 0.075, 0, 0.004, 0.1, 0, 0.036, 0.01, 0.01, 0.1, 0, 0.08, 0, 0.05, 0.05, 0, 0
0, 0, 0.35, 0.02, 0.01492, 1, 0, 0, 0, 0, 0, 0, 0, 0, 0, 0, 0, 0, 0, 0, 0, 0, 0.001, 0.001, 0.1, 0.1, 0, 0, 0.1, 0, 0, 0.011, 0.011, 0.1, 0, 0.009, 0, 0.055, 0.055, 0, 0
